0000000000
0000700000
0000770000
0000700000
0000000000
0000000000
0000000000
0000000000
0000000000
0000000000
0000000000
0000000000
0000000000
0000000000
0000000000
0000000000
0000000000
0000000000
1100000000
1100000000
5
60
7615
0 0
1 4
2 4
3 4
2 5
|
0000000000
0000000000
0000700000
0000770000
0000700000
0000000000
0000000000
0000000000
0000000000
0000000000
0000000000
0000000000
0000000000
0000000000
0000000000
0000000000
0000000000
0500000000
0550000000
0050000000
5
60
7476
0 0
2 4
3 4
4 4
3 5
